912
822
341
335
284
146
812
959
283
117
847
279
989
42
111
697
540
546
662
652
286
136
404
497
95
452
491
20
36
886
472
707
36
727
748
665
560
265
494
934
11
59
925
402
730
395
511
42
62
242
563
775
478
946
786
607
826
646
996
583
201
841
660
236
417
441
990
61
370
997
770
128
186
975
413
524
806
942
715
576
128
656
190
891
948
539
568
569
202
559
611
656
37
793
452
21
441
878
650
785
909
87
377
641
641
964
808
324
607
417
90
585
829
971
873
138
261
112
163
737
417
578
576
713
537
791
888
435
860
180
972
514
321
2
198
356
505
516
968
821
447
627
97
477
864
651
819
158
899
66
27
126
775
878
410
179
711
723
845
894
137
717
934
611
785
760
474
431
569
768
123
10
726
306
769
140
966
58
826
846
169
973
801
555
883
346
910
311
95
921
279
681
314
711
767
684
196
70
662
636
572
985
398
396
315
330
402
128
312
684
331
742
761
647
802
150
585
947
724
83
71
729
984
300
629
449
671
329
237
711
139
633
838
525
948
733
448
386
959
982
473
553
604
777
512
851
96
747
345
572
393
55
474
926
891
137
861
93
462
389
251
527
435
36
631
647
605
56
145
433
390
7
128
878
97
29
675
933
90
485
715
552
531
47
977
817
255
711
580
876
47
916
84
689
695
988
601
834
66
64
170
11
467
709
4
519
699
890
599
690
930
524
453
467
739
745
919
801
71
559
664
543
782
777
988
993
62
217
424
428
755
26
305
179
924
620
482
7
289
131
43
536
827
181
242
200
504
881
507
354
541
584
977
787
950
522
1
460
858
351
790
837
146
91
338
160
211
328
31
368
602
971
96
517
902
300
126
585
96
216
737
586
169
85
82
815
137
385
873
860
636
232
501
900
204
994
74
535
465
981
251
904
724
399
71
831
577
933
720
847
324
118
705
276
373
454
884
317
56
322
111
83
480
838
865
51
747
812
326
658
528
948
721
489
416
822
654
774
233
986
100
811
100
502
618
122
744
949
594
488
840
525
54
925
942
630
435
793
887
946
524
283
161
142
531
952
857
834
638
748
903
757
863
968
204
684
648
307
647
59
935
34
847
345
824
195
86
425
464
218
442
189
491
13
429
811
817
913
95
629
922
824
561
101
522
860
29
917
100
55
336
500
997
992
750
529
860
882
368
215
147
724
525
698
295
914
584
676
855
496
591
677
557
423
225
192
920
700
263
881
764
103
172
738
776
376
245
972
369
898
216
813
722
581
162
739
334
29
614
856
557
818
884
273
161
573
703
711
79
5
880
321
635
600
688
390
875
36
768
210
117
789
199
671
274
573
591
7
937
165
790
948
133
274
267
759
614
766
903
879
495
523
372
690
615
929
77
844
287
595
196
127
853
9
465
784
737
49
784
353
12
815
209
400
765
485
511
877
4
545
165
809
424
473
397
919
353
349
365
459
561
270
264
876
611
754
985
139
464
444
369
537
545
167
97
84
407
21
636
305
114
558
8
696
673
492
987
47
82
93
157
993
964
823
883
650
72
515
793
782
960
886
2
113
810
633
3
970
332
296
428
280
936
953
46
72
236
293
10
781
713
665
878
786
76
716
204
829
427
168
450
903
650
730
744
913
334
475
636
273
453
140
619
600
81
624
40
39
657
510
694
443
676
948
81
772
45
45
252
690
318
174
425
147
238
175
726
693
479
989
905
360
550
771
660
732
881
638
663
331
662
319
617
18
206
581
699
345
944
38
243
806
617
840
441
67
479
688
619
411
264
926
640
518
355
416
648
10
91
675
130
227
80
154
823
818
485
142
569
405
333
890
201
515
436
756
863
274
686
693
921
201
576
299
354
139
620
510
212
179
36
390
205
12
446
133
525
453
291
631
688
800
834
822
841
33
316
462
871
260
786
572
364
189
156
733
750
322
910
728
192
193
575
537
838
40
81
301
688
534
553
692
699
389
3
918
934
395
454
218
979
792
181
705
172
467
959
980
101
502
731
992
962
206
772
359
850
997
518
815
937
908
279
336
243
562
729
640
374
787
441
344
963
818
984
300
766
186
655
726
127
471
978
963
205
291
148
691
690
727
942
639
390
105
860
939
631
618
894
791
209
860
474
116
787
168
170
925
19
39
58
292
950
900
132
651
565
366
398
582
759
448
516
753
267
198
166
879
549
559
514
265
910
211
381
618
908
681
226
198
354
614
231
639
214
663
13
834
240
118
923
207
436
52
344
761
22
729
99
712
735
820
936
952
833
474
